93
45
52
11
90
17
77
68
55
40
50
22
54
81
41
71
37
38
46
63
84
30
79
32
4
20
70
7
58
95
27
69
1
62
87
73
91
10
76
9
68
25
18
67
43
47
79
56
51
78
72
14
22
85
16
5
74
57
64
61
65
3
42
23
26
28
8
89
33
66
86
34
12
49
60
53
31
41
1
15
21
35
19
44
80
59
39
82
36
6
48
2
29
96
98
92
99
97
13
3
93
45
52
11
90
17
77
68
55
40
50
22
54
81
41
71
37
38
46
63
84
30
79
32
4
20
70
7
58
95
27
69
1
62
87
73
91
10
76
9
68
25
18
67
43
47
79
56
51
78
72
14
22
85
16
5
74
57
64
61
65
3
42
23
26
28
8
89
33
66
86
34
12
49
60
53
31
41
1
15
21
35
19
44
80
59
39
82
36
6
48
2
29
96
98
92
99
97
13
3
93
45
52
11
90
17
77
68
55
40
50
22
54
81
41
71
37
38
46
63
84
30
79
32
4
20
70
7
58
95
27
69
1
62
87
73
91
10
76
9
68
25
18
67
43
47
79
56
51
78
72
14
22
85
16
5
74
57
64
61
65
3
42
23
26
28
8
89
33
66
86
34
12
49
60
53
31
41
1
15
21
35
19
44
80
59
39
82
36
6
48
2
29
96
98
92
99
97
13
3
93
45
52
11
90
17
77
68
55
40
50
22
54
81
41
71
37
38
46
63
84
30
79
32
4
20
70
7
58
95
27
69
1
62
87
73
91
10
76
9
68
25
18
67
43
47
79
56
51
78
72
14
22
85
16
5
74
57
64
61
65
3
42
23
26
28
8
89
33
66
86
34
12
49
60
53
31
41
1
15
21
35
19
44
80
59
39
82
36
6
48
2
29
96
98
92
99
97
13
3
93
45
52
11
90
17
77
68
55
40
50
22
54
81
41
71
37
38
46
63
84
30
79
32
4
20
70
7
58
95
27
69
1
62
87
73
91
10
76
9
68
25
18
67
43
47
79
56
51
78
72
14
22
85
16
5
74
57
64
61
65
3
42
23
26
28
8
89
33
66
86
34
12
49
60
53
31
41
1
15
21
35
19
44
80
59
39
82
36
6
48
2
29
96
98
92
99
97
13
3